0000   f0 18 98 59 ae 32 0c 8d db 1a 1e 88 08 00 45 00
0010   01 48 22 3f 40 00 40 11 cf 4c c0 a8 63 01 c0 a8
0020   63 c7 00 43 00 44 01 34 d8 8f 02 01 06 00 b2 9d
0030   2b b5 00 00 00 00 00 00 00 00 c0 a8 63 c7 00 00
0040   00 00 00 00 00 00 f0 18 98 59 ae 32 00 00 00 00
0050   00 00 00 00 00 00 00 00 00 00 00 00 00 00 00 00
0060   00 00 00 00 00 00 00 00 00 00 00 00 00 00 00 00
0070   00 00 00 00 00 00 00 00 00 00 00 00 00 00 00 00
0080   00 00 00 00 00 00 00 00 00 00 00 00 00 00 00 00
0090   00 00 00 00 00 00 00 00 00 00 00 00 00 00 00 00
00a0   00 00 00 00 00 00 00 00 00 00 00 00 00 00 00 00
00b0   00 00 00 00 00 00 00 00 00 00 00 00 00 00 00 00
00c0   00 00 00 00 00 00 00 00 00 00 00 00 00 00 00 00
00d0   00 00 00 00 00 00 00 00 00 00 00 00 00 00 00 00
00e0   00 00 00 00 00 00 00 00 00 00 00 00 00 00 00 00
00f0   00 00 00 00 00 00 00 00 00 00 00 00 00 00 00 00
0100   00 00 00 00 00 00 00 00 00 00 00 00 00 00 00 00
0110   00 00 00 00 00 00 63 82 53 63 35 01 02 36 04 c0
0120   a8 63 01 33 04 00 00 0e 10 01 04 ff ff ff 00 03
0130   04 c0 a8 63 01 06 08 23 b0 f0 64 23 b1 07 68 ff
0140   00 00 00 00 00 00 00 00 00 00 00 00 00 00 00 00
0150   00 00 00 00 00 00
