0000   00 14 0b 33 33 27 d0 7a b5 96 cd 0a 08 00 45 00
0010   01 96 00 00 40 00 40 11 b5 a0 c0 a8 01 01 c0 a8
0020   01 65 00 35 df df 01 82 3e 39 23 72 81 80 00 01
0030   00 0c 00 04 00 04 08 61 63 63 6f 75 6e 74 73 07
0040   79 6f 75 74 75 62 65 03 63 6f 6d 00 00 01 00 01
0050   c0 0c 00 05 00 01 00 00 09 38 00 10 04 77 77 77
0060   33 01 6c 06 67 6f 6f 67 6c 65 c0 1d c0 32 00 01
0070   00 01 00 00 01 06 00 04 ad c2 23 28 c0 32 00 01
0080   00 01 00 00 01 06 00 04 ad c2 23 29 c0 32 00 01
0090   00 01 00 00 01 06 00 04 ad c2 23 2e c0 32 00 01
00a0   00 01 00 00 01 06 00 04 ad c2 23 20 c0 32 00 01
00b0   00 01 00 00 01 06 00 04 ad c2 23 21 c0 32 00 01
00c0   00 01 00 00 01 06 00 04 ad c2 23 22 c0 32 00 01
00d0   00 01 00 00 01 06 00 04 ad c2 23 23 c0 32 00 01
00e0   00 01 00 00 01 06 00 04 ad c2 23 24 c0 32 00 01
00f0   00 01 00 00 01 06 00 04 ad c2 23 25 c0 32 00 01
0100   00 01 00 00 01 06 00 04 ad c2 23 26 c0 32 00 01
0110   00 01 00 00 01 06 00 04 ad c2 23 27 c0 39 00 02
0120   00 01 00 02 99 99 00 06 03 6e 73 33 c0 39 c0 39
0130   00 02 00 01 00 02 99 99 00 06 03 6e 73 32 c0 39
0140   c0 39 00 02 00 01 00 02 99 99 00 06 03 6e 73 34
0150   c0 39 c0 39 00 02 00 01 00 02 99 99 00 06 03 6e
0160   73 31 c0 39 c1 34 00 01 00 01 00 05 3e 2d 00 04
0170   d8 ef 20 0a c1 10 00 01 00 01 00 05 3e 2e 00 04
0180   d8 ef 22 0a c0 fe 00 01 00 01 00 05 3e 2d 00 04
0190   d8 ef 24 0a c1 22 00 01 00 01 00 05 3e 2d 00 04
01a0   d8 ef 26 0a
0000   5c 3a 45 4d 07 59 68 a3 78 1e 78 a0 08 00 45 00
0010   00 fe 24 a0 40 00 40 11 90 ee c0 a8 01 fe c0 a8
0020   01 12 00 35 fb 02 00 ea b5 70 b5 ed 81 80 00 01
0030   00 02 00 01 00 00 0a 66 75 6e 63 74 69 6f 6e 61
0040   6c 06 65 76 65 6e 74 73 04 64 61 74 61 09 6d 69
0050   63 72 6f 73 6f 66 74 03 63 6f 6d 00 00 1c 00 01
0060   c0 0c 00 05 00 01 00 00 0c 81 00 2e 06 67 6c 6f
0070   62 61 6c 06 61 73 69 6d 6f 76 06 65 76 65 6e 74
0080   73 04 64 61 74 61 0e 74 72 61 66 66 69 63 6d 61
0090   6e 61 67 65 72 03 6e 65 74 00 c0 42 00 05 00 01
00a0   00 00 00 37 00 29 10 6f 6e 65 64 73 63 6f 6c 70
00b0   72 64 65 75 73 30 31 06 65 61 73 74 75 73 08 63
00c0   6c 6f 75 64 61 70 70 05 61 7a 75 72 65 c0 2d c0
00d0   8d 00 06 00 01 00 00 00 25 00 31 07 6e 73 31 2d
00e0   32 30 31 09 61 7a 75 72 65 2d 64 6e 73 c0 2d 06
00f0   6d 73 6e 68 73 74 c0 23 00 00 27 11 00 00 03 84
0100   00 00 01 2c 00 09 3a 80 00 00 00 3c